-73.0 97.0 -80.0 -72.0 79.0 -38.0
-29.0 66.0 81.0 61.0 -35.0 14.0
-88.0 84.0 -24.0 -82.0 -74.0 21.0


3.5 0.0 0.0 0.0 0.0 0.0
0.0 -10.25 0.0 0.0 0.0 0.0
0.0 0.0 400.4 0.0 0.0 0.0
0.0 0.0 0.0 -11.0 0.0 0.0
0.0 0.0 0.0 0.0 0.0 0.0
0.0 0.0 0.0 0.0 0.0 3.0


-255.5 -994.25 -32032.0 792.0 0.0 -114.0
-101.5 -676.5 32432.399999999998 -671.0 0.0 42.0
-308.0 -861.0 -9609.599999999999 902.0 0.0 63.0


37.0 -69.0 -2.0 -59.0 6.0 69.0
-39.0 25.0 24.0 11.0 -3.0 -16.0
62.0 -37.0 -84.0 25.0 -40.0 52.0


3.5 0.0 0.0 0.0 0.0 0.0
0.0 -10.25 0.0 0.0 0.0 0.0
0.0 0.0 400.4 0.0 0.0 0.0
0.0 0.0 0.0 -11.0 0.0 0.0
0.0 0.0 0.0 0.0 0.0 0.0
0.0 0.0 0.0 0.0 0.0 3.0


129.5 707.25 -800.8 649.0 0.0 207.0
-136.5 -256.25 9609.599999999999 -121.0 0.0 -48.0
217.0 379.25 -33633.6 -275.0 0.0 156.0


-82.0 -80.0 89.0 76.0 -80.0 58.0
-52.0 -54.0 -68.0 32.0 -91.0 18.0
67.0 -71.0 16.0 -10.0 82.0 57.0


3.5 0.0 0.0 0.0 0.0 0.0
0.0 -10.25 0.0 0.0 0.0 0.0
0.0 0.0 400.4 0.0 0.0 0.0
0.0 0.0 0.0 -11.0 0.0 0.0
0.0 0.0 0.0 0.0 0.0 0.0
0.0 0.0 0.0 0.0 0.0 3.0


-287.0 820.0 35635.6 -836.0 0.0 174.0
-182.0 553.5 -27227.199999999997 -352.0 0.0 54.0
234.5 727.75 6406.4 110.0 0.0 171.0


