-7.5 -2.0 4.0
11.2 14.0 23.5
101.0 -2.0 19.0


-31.5 21.0 13.5
33.6 30.6 114.2
283.0 -224.0 159.0


-31.5 0.0 9.0
3.5999999999999996 9.0 25.5
303.0 -6.0 33.0


-0.03469331112961421 0.004163197335553705 0.0062447960033305576
-0.5865251179572578 0.29038301415487094 -0.06442547876769358
0.21190674437968357 0.014571190674437969 0.021856786011656953


-10.5 1.2 101.0
0.0 3.0 -2.0
3.0 8.5 11.0


-7.5 -2.0 4.0
11.2 14.0 23.5
101.0 -2.0 19.0


-31.5 21.0 13.5
33.6 30.6 114.2
283.0 -224.0 159.0


-31.5 0.0 9.0
3.5999999999999996 9.0 25.5
303.0 -6.0 33.0


-0.03469331112961421 0.004163197335553705 0.0062447960033305576
-0.5865251179572578 0.29038301415487094 -0.06442547876769358
0.21190674437968357 0.014571190674437969 0.021856786011656953


-10.5 1.2 101.0
0.0 3.0 -2.0
3.0 8.5 11.0


-7.5 -2.0 4.0
11.2 14.0 23.5
101.0 -2.0 19.0


-31.5 21.0 13.5
33.6 30.6 114.2
283.0 -224.0 159.0


-31.5 0.0 9.0
3.5999999999999996 9.0 25.5
303.0 -6.0 33.0


-0.03469331112961421 0.004163197335553705 0.0062447960033305576
-0.5865251179572578 0.29038301415487094 -0.06442547876769358
0.21190674437968357 0.014571190674437969 0.021856786011656953


-10.5 1.2 101.0
0.0 3.0 -2.0
3.0 8.5 11.0


